%YAML:1.0
---
model_type: KANNALA_BRANDT
camera_name: camera
image_width: 848
image_height: 800
projection_parameters:
   k2: 0.0010301050497218966
   k3: 0.027802729979157448
   k4: -0.026517370715737343
   k5: 0.0029127351008355618
   mu: 284.56878662109375
   mv: 285.5469970703125
   u0: 419.1868896484375
   v0: 394.722900390625
