%YAML:1.0
---
model_type: PINHOLE
camera_name: camera
image_width: 640
image_height: 480
distortion_parameters:
   k1: 0
   k2: 0
   p1: 0
   p2: 0
projection_parameters:
   fx: 383.19683837890625
   fy: 383.19683837890625
   cx: 321.2557373046875
   cy: 321.2557373046875
