%YAML:1.0

#common parameters
#support: 1 imu 1 cam; 1 imu 2 cam: 2 cam; 
num_of_cam: 1
major_cam: 0
use_depth: 0
use_stereo: 0
use_imu: 1        

camera0_imu_topic: "/camera1/imu"
camera1_imu_topic: "/camera2/imu"
camera2_imu_topic: "/camera3/imu"

camera0_left_topic: "/camera1/infra1/image_rect_raw"
camera0_right_topic: "/camera1/infra2/image_rect_raw"
camera0_depth_topic: "/camera1/aligned_depth_to_infra1/image_raw"

camera1_left_topic: "/camera2/infra1/image_rect_raw"
camera1_right_topic: "/camera2/infra2/image_rect_raw"
camera1_depth_topic: "/camera2/aligned_depth_to_infra1/image_raw"

camera2_left_topic: "/camera3/infra1/image_rect_raw"
camera2_right_topic: "/camera3/infra2/image_rect_raw"
camera2_depth_topic: "/camera3/aligned_depth_to_infra1/image_raw"

output_path: "/home/zty/myGit/multi_cam/src/vins_fusion/results"

# cam0_left_calib: "cam_848.yaml"

cam0_left_calib: "cam0_left.yaml"
cam0_right_calib: "cam0_right.yaml"
cam1_left_calib: "cam1_left.yaml"
cam1_right_calib: "cam1_right.yaml"
cam2_left_calib: "cam2_left.yaml"
cam2_right_calib: "cam2_right.yaml"

image_width: 640
image_height: 480
   

# Extrinsic parameter between IMU and Camera.
estimate_extrinsic: 0   # 0  Have an accurate extrinsic parameters. We will trust the following imu^R_cam, imu^T_cam, don't change it.
                        # 1  Have an initial guess about extrinsic parameters. We will optimize around your initial guess.

#feature traker paprameters
multi_max_cnt: 100            # max feature number in multi camera feature tracking
single_max_cnt: 150            # single feature number in single camera feature tracking
min_dist: 30            # min distance between two features
fisheye: 0
fisheye_mask: /root/myGit/mycode/multi_cam/src/multi_cam/config/minmask.jpg 
delay_compensate: 0
freq: 3                 # odom pub freq = camera fps / freq
predict_pts: 1                # frequence (Hz) of publish tracking result. At least 10Hz for good estimation. If set 0, the frequence will be same as raw image 
F_threshold: 1.0        # ransac threshold (pixel)
show_track: 1           # publish tracking image as topic
flow_back: 1            # perform forward and backwmoveard optical flow to improve feature tracking accuracy
clahe: 1
static_num: 0
static_dis: 1
cam_sync_thereshold: 0.025      # multi camera sync thereshold
dynamic_drop: 0
init_depth: -1.0
# use_optimbound: 0
# optimbound: 1.0
use_line: 1
line_minlength: 30


# camera0 extrinsic param
imu_T_cam0_left: !!opencv-matrix
   rows: 4
   cols: 4
   dt: d
   data: [ 0.99997682,  0.00503933,  0.00457837, -0.0093734, 
          -0.00506034,  0.99997667,  0.00458778,  0.00572269,
          -0.00455514, -0.00461084,  0.999979,    0.02762095,
           0.,          0.,          0.,          1.         ]

imu_T_cam0_right: !!opencv-matrix
   rows: 4
   cols: 4
   dt: d
   data: [ 0.99996766, 0.00491694, 0.00636467, 0.04114136, 
           -0.00494372, 0.99997897, 0.00419701, 0.00544197, 
           -0.00634389, -0.00422834, 0.99997094, 0.02722754, 
           0.00000000, 0.00000000, 0.00000000, 1.00000000    ]

# camera1 extrinsic param
imu_T_cam1_left: !!opencv-matrix
   rows: 4
   cols: 4
   dt: d
   data: [ 0.99997705,  0.00649529,  0.00192586, -0.00689122,
          -0.00651443,  0.99992775,  0.01010195,  0.00130273,
          -0.0018601,  -0.01011426,  0.99994712,  0.02527111,
           0.,          0.,          0.,          1.         ]

imu_T_cam1_right: !!opencv-matrix
   rows: 4
   cols: 4
   dt: d
   data: [ 0.99997705, 0.00649529, 0.00192586, 0.04310763, 
           -0.00651443, 0.99992775, 0.01010195, 0.00097701, 
           -0.00186010, -0.01011426, 0.99994712, 0.02517810, 
           0.00000000, 0.00000000, 0.00000000, 1.00000000    ]

# camera2 extrinsic param
imu_T_cam2_left: !!opencv-matrix
   rows: 4
   cols: 4
   dt: d
   data: [0.99997072,  0.00284737, -0.00710281, -0.01151299,
          -0.00284548,  0.99999591,  0.00027587, -0.03115432,
          0.00710357, -0.00025565,  0.99997474,  0.00573598,
           0, 0, 0, 1]

imu_T_cam2_right: !!opencv-matrix
   rows: 4
   cols: 4
   dt: d
   data: [0.99998986, -0.0030345,  -0.00332727,  0.04421182,
           0.00302971,  0.99999437, -0.00144238, -0.01728303,
           0.00333163,  0.00143229,  0.99999342,  0.01592412,
           0, 0, 0, 1]

# Extrinsic parameter between Body and Multi Camera.
body_T_cam0_left: !!opencv-matrix
   rows: 4
   cols: 4
   dt: d
   data: [ 0.99997682,  0.00503933,  0.00457837, -0.0093734, 
          -0.00506034,  0.99997667,  0.00458778,  0.00572269,
          -0.00455514, -0.00461084,  0.999979,    0.02762095,
           0.,          0.,          0.,          1.         ]

body_T_cam1_left: !!opencv-matrix
   rows: 4
   cols: 4
   dt: d
   data: [ -0.00252592, -0.00215525, 0.99999449,  0.15713206, 
           0.00315493,  0.99999268,  0.00216322,  0.00753004, 
           -0.99999183, 0.00316038,   -0.0025191, -0.11580081, 
           0.,          0.,           0.,         1.]

body_T_cam2_left: !!opencv-matrix
   rows: 4
   cols: 4
   dt: d
   data: [0.99998986, -0.0030345,  -0.00332727,  0.04421182,
           0.00302971,  0.99999437, -0.00144238, -0.01728303,
           0.00333163,  0.00143229,  0.99999342,  0.01592412,
           0, 0, 0, 1]


#Multiple thread support
multiple_thread: 1

#optimization parameters
max_solver_time: 0.04  # max solver itration time (ms), to guarantee real time
max_num_iterations: 10   # max solver itrations, to guarantee real time
keyframe_parallax: 8.0 # keyframe selection threshold (pixel)

#imu parameters       The more accurate parameters you provide, the better performance
camera0_acc_n: 0.283546           # accelerometer measurement noise standard deviation. #0.2   0.04
camera0_gyr_n: 0.0304607       # gyroscope measurement noise standard deviation.     #0.05  0.004
camera0_acc_w: 6.8419802201779613e-04        # accelerometer bias random work noise standard deviation.  #0.002
camera0_gyr_w: 1.6847425259467627e-05        # gyroscope bias random work noise standard deviation.     #4.0e-5

camera1_acc_n: 0.264982           # accelerometer measurement noise standard deviation. #0.2   0.04
camera1_gyr_n: 0.0304607       # gyroscope measurement noise standard deviation.     #0.05  0.004
camera1_acc_w: 4.5477574111744019e-04        # accelerometer bias random work noise standard deviation.  #0.002
camera1_gyr_w: 1.4310931547951260e-05        # gyroscope bias random work noise standard deviation.     #4.0e-5

camera2_acc_n: 0.283546           # accelerometer measurement noise standard deviation. #0.2   0.04
camera2_gyr_n: 0.0265525       # gyroscope measurement noise standard deviation.     #0.05  0.004
camera2_acc_w: 6.8419802201779613e-04        # accelerometer bias random work noise standard deviation.  #0.002
camera2_gyr_w: 1.6847425259467627e-05        # gyroscope bias random work noise standard deviation.     #4.0e-5
g_norm: 9.81007         # gravity magnitude

#unsynchronization parameters
estimate_td: 1                      # online estimate time offset between camera and imu
cam0_td: 0.007           # initial value of time offset. unit: s. readed image clock + td = real image clock (IMU clock)
cam1_td: 0.007           # initial value of time offset. unit: s. readed image clock + td = real image clock (IMU clock)
cam2_td: 0.0           # initial value of time offset. unit: s. readed image clock + td = real image clock (IMU clock)

#loop closure parameters
load_previous_pose_graph: 0        # load and reuse previous pose graph; load from 'pose_graph_save_path'
pose_graph_save_path: "/home/zty/myGit/vins_fusion/src/vins_fusion/results/pose_graph/" # save and load path
save_image: 0                   # save image in pose graph for visualization prupose; you can close this function by setting 0 
visualize_camera_size: 0.4      # size of camera marker in RVIZ