%YAML:1.0
---
#camera calibration 
model_type: PINHOLE
camera_name: camera
image_width: 848
image_height: 480
distortion_parameters:
   k1: 0.007925673974579087
   k2: -0.0036215088874331737
   p1: -0.001422629239660213
   p2: 0.0002909310193082525
projection_parameters:
   fx: 431.4435041724946
   fy: 430.32814097594184
   cx: 427.28683910723333
   cy: 238.38215822538055
# projection_parameters:
#    fx: 385.5375061035156
#    fy: 385.5375061035156
#    cx: 321.01934814453125
#    cy: 239.62557983398438